<?xml version="1.0" encoding="utf-8"?>
<COLLADA xmlns="http://www.collada.org/2005/11/COLLADASchema" version="1.4.1">
  <asset>
    <contributor>
      <author/>
      <authoring_tool>FBX COLLADA exporter</authoring_tool>
      <comments/>
    </contributor>
    <created>2025-02-07T11:07:40Z</created>
    <keywords/>
    <modified>2025-02-07T11:07:40Z</modified>
    <revision/>
    <subject/>
    <title/>
    <unit meter="0.010000" name="centimeter"/>
    <up_axis>Y_UP</up_axis>
  </asset>
  <library_animations>
    <animation id="mixamorigFBXASC058Hips-anim" name="mixamorigFBXASC058Hips">
      <animation>
        <source id="mixamorigFBXASC058Hips-Matrix-animation-input">
          <float_array id="mixamorigFBXASC058Hips-Matrix-animation-input-array" count="21">

0.000000 0.033333 0.066667 0.100000 0.133333 0.166667 0.200000 0.233333 0.266667 0.300000 0.333333 0.366667 0.400000 0.433333 0.466667 0.500000
0.533333 0.566667 0.600000 0.633333 0.666667</float_array>
          <technique_common>
            <accessor source="#mixamorigFBXASC058Hips-Matrix-animation-input-array" count="21">
              <param name="TIME" type="float"/>
            </accessor>
          </technique_common>
        </source>
        <source id="mixamorigFBXASC058Hips-Matrix-animation-output-transform">
          <float_array id="mixamorigFBXASC058Hips-Matrix-animation-output-transform-array" count="336">

1.000000 -0.000088 -0.000004 -0.000028 0.000088 1.000000 -0.000000 99.791870 0.000004 0.000000 1.000000 0.000053 0.000000 0.000000 0.000000 1.000000
1.000000 -0.000088 -0.000004 -0.000028 0.000088 1.000000 -0.000000 99.791870 0.000004 0.000000 1.000000 0.000053 0.000000 0.000000 0.000000 1.000000
1.000000 -0.000088 -0.000004 -0.000028 0.000088 1.000000 -0.000000 99.791870 0.000004 0.000000 1.000000 0.000053 0.000000 0.000000 0.000000 1.000000
1.000000 -0.000107 -0.000004 -0.000146 0.000106 0.997743 -0.067145 98.694359 0.000011 0.067145 0.997743 -1.258437 0.000000 0.000000 0.000000 1.000000
1.000000 -0.000107 -0.000004 -0.000146 0.000106 0.997743 -0.067145 98.694359 0.000011 0.067145 0.997743 -1.258437 0.000000 0.000000 0.000000 1.000000
1.000000 -0.000107 -0.000004 -0.000146 0.000106 0.997743 -0.067145 98.694359 0.000011 0.067145 0.997743 -1.258437 0.000000 0.000000 0.000000 1.000000
1.000000 -0.000107 -0.000004 -0.000146 0.000106 0.997743 -0.067145 98.694359 0.000011 0.067145 0.997743 -1.258437 0.000000 0.000000 0.000000 1.000000
0.980969 0.037008 0.190607 0.231325 -0.026878 0.998099 -0.055460 95.989960 -0.192298 0.049282 0.980098 -0.423261 0.000000 0.000000 0.000000 1.000000
0.922135 0.073516 0.379820 0.458659 -0.056598 0.996851 -0.055537 93.274239 -0.382707 0.029715 0.923392 0.398423 0.000000 0.000000 0.000000 1.000000
0.822112 0.109049 0.558785 0.678906 -0.085344 0.994000 -0.068420 90.547134 -0.562893 0.008560 0.826485 1.207306 0.000000 0.000000 0.000000 1.000000
0.682750 0.143172 0.716487 0.888575 -0.108963 0.989599 -0.093914 87.809029 -0.722481 -0.013951 0.691250 2.005058 0.000000 0.000000 0.000000 1.000000
0.510374 0.175494 0.841855 1.084437 -0.123421 0.983769 -0.130253 85.060799 -0.851050 -0.037425 0.523750 2.794630 0.000000 0.000000 0.000000 1.000000
0.315272 0.205768 0.926425 1.264402 -0.125517 0.976675 -0.174214 82.303757 -0.940664 -0.061357 0.333746 3.579924 0.000000 0.000000 0.000000 1.000000
0.109526 0.233956 0.966058 1.427983 -0.113361 0.968504 -0.221696 79.539352 -0.987498 -0.085232 0.132598 4.365010 0.000000 0.000000 0.000000 1.000000
-0.095502 0.260193 0.960822 1.576097 -0.086380 0.959426 -0.268401 76.768959 -0.991674 -0.108629 -0.069152 5.153274 0.000000 0.000000 0.000000 1.000000
-0.290659 0.284710 0.913486 1.710429 -0.044976 0.949584 -0.310271 73.993759 -0.955769 -0.131268 -0.263200 5.947028 0.000000 0.000000 0.000000 1.000000
-0.469027 0.307746 0.827832 1.832792 0.009820 0.939086 -0.343541 71.214676 -0.883129 -0.153001 -0.443479 6.747596 0.000000 0.000000 0.000000 1.000000
-0.126940 0.252127 0.959332 0.894185 0.002278 0.967228 -0.253900 70.875351 -0.991908 -0.030044 -0.123354 8.575858 0.000000 0.000000 0.000000 1.000000
0.261076 0.190738 0.946287 -0.090804 0.042355 0.977077 -0.208630 70.411835 -0.964389 0.094548 0.247013 10.417863 0.000000 0.000000 0.000000 1.000000
0.607050 0.124567 0.784840 -1.115872 0.098865 0.968126 -0.230126 69.819489 -0.788490 0.217291 0.575385 12.245324 0.000000 0.000000 0.000000 1.000000
0.841372 0.055748 0.537574 -2.163382 0.136234 0.940670 -0.310773 69.100685 -0.523005 0.334712 0.783858 14.030767 0.000000 0.000000 0.000000 1.000000</float_array>
          <technique_common>
            <accessor source="#mixamorigFBXASC058Hips-Matrix-animation-output-transform-array" count="21" stride="16">
              <param type="float4x4"/>
            </accessor>
          </technique_common>
        </source>
        <source id="mixamorigFBXASC058Hips-Interpolations">
          <Name_array id="mixamorigFBXASC058Hips-Interpolations-array" count="21">
 LINEAR LINEAR LINEAR LINEAR LINEAR LINEAR LINEAR LINEAR LINEAR LINEAR LINEAR
LINEAR LINEAR LINEAR LINEAR LINEAR LINEAR LINEAR LINEAR LINEAR LINEAR</Name_array>
          <technique_common>
            <accessor source="#mixamorigFBXASC058Hips-Interpolations-array" count="21">
              <param type="name"/>
            </accessor>
          </technique_common>
        </source>
        <sampler id="mixamorigFBXASC058Hips-Matrix-animation-transform">
          <input semantic="INPUT" source="#mixamorigFBXASC058Hips-Matrix-animation-input"/>
          <input semantic="OUTPUT" source="#mixamorigFBXASC058Hips-Matrix-animation-output-transform"/>
          <input semantic="INTERPOLATION" source="#mixamorigFBXASC058Hips-Interpolations"/>
        </sampler>
        <channel source="#mixamorigFBXASC058Hips-Matrix-animation-transform" target="mixamorigFBXASC058Hips/matrix"/>
      </animation>
    </animation>
    <animation id="mixamorigFBXASC058Spine-anim" name="mixamorigFBXASC058Spine">
      <animation>
        <source id="mixamorigFBXASC058Spine-Matrix-animation-input">
          <float_array id="mixamorigFBXASC058Spine-Matrix-animation-input-array" count="21">

0.000000 0.033333 0.066667 0.100000 0.133333 0.166667 0.200000 0.233333 0.266667 0.300000 0.333333 0.366667 0.400000 0.433333 0.466667 0.500000
0.533333 0.566667 0.600000 0.633333 0.666667</float_array>
          <technique_common>
            <accessor source="#mixamorigFBXASC058Spine-Matrix-animation-input-array" count="21">
              <param name="TIME" type="float"/>
            </accessor>
          </technique_common>
        </source>
        <source id="mixamorigFBXASC058Spine-Matrix-animation-output-transform">
          <float_array id="mixamorigFBXASC058Spine-Matrix-animation-output-transform-array" count="336">

1.000000 -0.000012 -0.000001 0.000858 0.000012 0.992624 0.121236 9.923462 -0.000000 -0.121236 0.992624 -1.227337 0.000000 0.000000 0.000000 1.000000
1.000000 -0.000012 -0.000001 0.000858 0.000012 0.992624 0.121236 9.923462 -0.000000 -0.121236 0.992624 -1.227337 0.000000 0.000000 0.000000 1.000000
1.000000 -0.000012 -0.000001 0.000858 0.000012 0.992624 0.121236 9.923462 -0.000000 -0.121236 0.992624 -1.227337 0.000000 0.000000 0.000000 1.000000
1.000000 0.000061 0.000002 0.001345 -0.000061 0.997107 0.076016 9.940071 0.000003 -0.076016 0.997107 -0.926950 0.000000 0.000000 0.000000 1.000000
1.000000 0.000061 0.000002 0.001345 -0.000061 0.997107 0.076016 9.940071 0.000003 -0.076016 0.997107 -0.926950 0.000000 0.000000 0.000000 1.000000
1.000000 0.000061 0.000002 0.001345 -0.000061 0.997107 0.076016 9.940071 0.000003 -0.076016 0.997107 -0.926950 0.000000 0.000000 0.000000 1.000000
1.000000 0.000061 0.000002 0.001345 -0.000061 0.997107 0.076016 9.940071 0.000003 -0.076016 0.997107 -0.926950 0.000000 0.000000 0.000000 1.000000
0.999974 0.003734 0.006131 0.026957 -0.004153 0.997552 0.069810 9.941803 -0.005855 -0.069833 0.997541 -0.885955 0.000000 0.000000 0.000000 1.000000
0.999898 0.007393 0.012235 0.052462 -0.008156 0.997946 0.063547 9.943390 -0.011740 -0.063640 0.997904 -0.844912 0.000000 0.000000 0.000000 1.000000
0.999771 0.011035 0.018315 0.077865 -0.012067 0.998288 0.057227 9.944794 -0.017652 -0.057435 0.998193 -0.803822 0.000000 0.000000 0.000000 1.000000
0.999595 0.014663 0.024370 0.103164 -0.015888 0.998580 0.050852 9.946068 -0.023590 -0.051219 0.998409 -0.762683 0.000000 0.000000 0.000000 1.000000
0.999371 0.018275 0.030399 0.128356 -0.019617 0.998820 0.044423 9.947174 -0.029551 -0.044991 0.998550 -0.721498 0.000000 0.000000 0.000000 1.000000
0.999098 0.021872 0.036404 0.153436 -0.023253 0.999009 0.037940 9.948135 -0.035538 -0.038752 0.998617 -0.680263 0.000000 0.000000 0.000000 1.000000
0.998777 0.025454 0.042381 0.178411 -0.026796 0.999147 0.031405 9.948959 -0.041545 -0.032502 0.998608 -0.638984 0.000000 0.000000 0.000000 1.000000
0.998410 0.029020 0.048333 0.203272 -0.030246 0.999234 0.024819 9.949615 -0.047575 -0.026241 0.998523 -0.597664 0.000000 0.000000 0.000000 1.000000
0.997996 0.032570 0.054258 0.228031 -0.033600 0.999270 0.018182 9.950127 -0.053626 -0.019969 0.998361 -0.556297 0.000000 0.000000 0.000000 1.000000
0.997536 0.036106 0.060155 0.252682 -0.036862 0.999254 0.011497 9.950493 -0.059695 -0.013686 0.998123 -0.514883 0.000000 0.000000 0.000000 1.000000
0.999527 0.015488 0.026580 0.109087 -0.015859 0.999779 0.013811 9.952072 -0.026360 -0.014226 0.999551 -0.517998 0.000000 0.000000 0.000000 1.000000
0.999962 -0.005117 -0.007070 -0.034431 0.005219 0.999881 0.014487 9.952377 0.006995 -0.014523 0.999870 -0.519851 0.000000 0.000000 0.000000 1.000000
0.998840 -0.025721 -0.040704 -0.177939 0.026291 0.999563 0.013523 9.951393 0.040339 -0.014578 0.999080 -0.520441 0.000000 0.000000 0.000000 1.000000
0.996164 -0.046332 -0.074234 -0.321480 0.047270 0.998822 0.010923 9.949066 0.073640 -0.014391 0.997181 -0.519777 0.000000 0.000000 0.000000 1.000000</float_array>
          <technique_common>
            <accessor source="#mixamorigFBXASC058Spine-Matrix-animation-output-transform-array" count="21" stride="16">
              <param type="float4x4"/>
            </accessor>
          </technique_common>
        </source>
        <source id="mixamorigFBXASC058Spine-Interpolations">
          <Name_array id="mixamorigFBXASC058Spine-Interpolations-array" count="21">
 LINEAR LINEAR LINEAR LINEAR LINEAR LINEAR LINEAR LINEAR LINEAR LINEAR LINEAR
LINEAR LINEAR LINEAR LINEAR LINEAR LINEAR LINEAR LINEAR LINEAR LINEAR</Name_array>
          <technique_common>
            <accessor source="#mixamorigFBXASC058Spine-Interpolations-array" count="21">
              <param type="name"/>
            </accessor>
          </technique_common>
        </source>
        <sampler id="mixamorigFBXASC058Spine-Matrix-animation-transform">
          <input semantic="INPUT" source="#mixamorigFBXASC058Spine-Matrix-animation-input"/>
          <input semantic="OUTPUT" source="#mixamorigFBXASC058Spine-Matrix-animation-output-transform"/>
          <input semantic="INTERPOLATION" source="#mixamorigFBXASC058Spine-Interpolations"/>
        </sampler>
        <channel source="#mixamorigFBXASC058Spine-Matrix-animation-transform" target="mixamorigFBXASC058Spine/matrix"/>
      </animation>
    </animation>
    <animation id="mixamorigFBXASC058Spine1-anim" name="mixamorigFBXASC058Spine1">
      <animation>
        <source id="mixamorigFBXASC058Spine1-Matrix-animation-input">
          <float_array id="mixamorigFBXASC058Spine1-Matrix-animation-input-array" count="21">

0.000000 0.033333 0.066667 0.100000 0.133333 0.166667 0.200000 0.233333 0.266667 0.300000 0.333333 0.366667 0.400000 0.433333 0.466667 0.500000
0.533333 0.566667 0.600000 0.633333 0.666667</float_array>
          <technique_common>
            <accessor source="#mixamorigFBXASC058Spine1-Matrix-animation-input-array" count="21">
              <param name="TIME" type="float"/>
            </accessor>
          </technique_common>
        </source>
        <source id="mixamorigFBXASC058Spine1-Matrix-animation-output-transform">
          <float_array id="mixamorigFBXASC058Spine1-Matrix-animation-output-transform-array" count="336">

1.000000 0.000019 0.000000 0.000001 -0.000019 1.000000 -0.000392 11.731979 -0.000000 0.000392 1.000000 -0.000006 0.000000 0.000000 0.000000 1.000000
1.000000 0.000019 0.000000 0.000001 -0.000019 1.000000 -0.000392 11.731979 -0.000000 0.000392 1.000000 -0.000006 0.000000 0.000000 0.000000 1.000000
1.000000 0.000019 0.000000 0.000001 -0.000019 1.000000 -0.000392 11.731979 -0.000000 0.000392 1.000000 -0.000006 0.000000 0.000000 0.000000 1.000000
1.000000 0.000070 0.000004 0.000344 -0.000070 0.999996 0.002854 11.733986 -0.000004 -0.002854 0.999996 -0.021461 0.000000 0.000000 0.000000 1.000000
1.000000 0.000070 0.000004 0.000344 -0.000070 0.999996 0.002854 11.733986 -0.000004 -0.002854 0.999996 -0.021461 0.000000 0.000000 0.000000 1.000000
1.000000 0.000070 0.000004 0.000344 -0.000070 0.999996 0.002854 11.733986 -0.000004 -0.002854 0.999996 -0.021461 0.000000 0.000000 0.000000 1.000000
1.000000 0.000070 0.000004 0.000344 -0.000070 0.999996 0.002854 11.733986 -0.000004 -0.002854 0.999996 -0.021461 0.000000 0.000000 0.000000 1.000000
0.999967 0.004657 0.006636 0.030709 -0.004619 0.999973 -0.005787 11.733704 -0.006663 0.005756 0.999961 0.035541 0.000000 0.000000 0.000000 1.000000
0.999870 0.009199 0.013227 0.060780 -0.009007 0.999854 -0.014515 11.732590 -0.013358 0.014394 0.999807 0.092732 0.000000 0.000000 0.000000 1.000000
0.999711 0.013695 0.019774 0.090542 -0.013233 0.999640 -0.023326 11.730598 -0.020086 0.023058 0.999532 0.150089 0.000000 0.000000 0.000000 1.000000
0.999490 0.018144 0.026280 0.119996 -0.017294 0.999331 -0.032217 11.727768 -0.026847 0.031746 0.999135 0.207603 0.000000 0.000000 0.000000 1.000000
0.999210 0.022544 0.032741 0.149133 -0.021188 0.998927 -0.041182 11.724075 -0.033635 0.040456 0.998615 0.265257 0.000000 0.000000 0.000000 1.000000
0.998871 0.026895 0.039161 0.177934 -0.024914 0.998427 -0.050218 11.719521 -0.040450 0.049186 0.997970 0.323036 0.000000 0.000000 0.000000 1.000000
0.998475 0.031197 0.045538 0.206411 -0.028471 0.997833 -0.059320 11.714081 -0.047290 0.057933 0.997200 0.380937 0.000000 0.000000 0.000000 1.000000
0.998024 0.035445 0.051872 0.234535 -0.031855 0.997143 -0.068485 11.707832 -0.054152 0.066697 0.996303 0.438931 0.000000 0.000000 0.000000 1.000000
0.997520 0.039643 0.058163 0.262326 -0.035066 0.996359 -0.077706 11.700706 -0.061032 0.075474 0.995278 0.497011 0.000000 0.000000 0.000000 1.000000
0.996962 0.043786 0.064411 0.289753 -0.038102 0.995481 -0.086981 11.692726 -0.067928 0.084263 0.994126 0.555162 0.000000 0.000000 0.000000 1.000000
0.999433 0.018786 0.027928 0.124245 -0.016388 0.996353 -0.083733 11.701393 -0.029399 0.083228 0.996097 0.548357 0.000000 0.000000 0.000000 1.000000
0.999943 -0.006307 -0.008669 -0.041877 0.005566 0.996530 -0.083045 11.703209 0.009162 0.082992 0.996508 0.546803 0.000000 0.000000 0.000000 1.000000
0.998483 -0.031394 -0.045229 -0.207962 0.027469 0.996009 -0.084926 11.698174 0.047715 0.083555 0.995360 0.550492 0.000000 0.000000 0.000000 1.000000
0.995069 -0.056375 -0.081604 -0.373344 0.049031 0.994792 -0.089357 11.686371 0.086216 0.084915 0.992651 0.559432 0.000000 0.000000 0.000000 1.000000</float_array>
          <technique_common>
            <accessor source="#mixamorigFBXASC058Spine1-Matrix-animation-output-transform-array" count="21" stride="16">
              <param type="float4x4"/>
            </accessor>
          </technique_common>
        </source>
        <source id="mixamorigFBXASC058Spine1-Interpolations">
          <Name_array id="mixamorigFBXASC058Spine1-Interpolations-array" count="21">
 LINEAR LINEAR LINEAR LINEAR LINEAR LINEAR LINEAR LINEAR LINEAR LINEAR LINEAR
LINEAR LINEAR LINEAR LINEAR LINEAR LINEAR LINEAR LINEAR LINEAR LINEAR</Name_array>
          <technique_common>
            <accessor source="#mixamorigFBXASC058Spine1-Interpolations-array" count="21">
              <param type="name"/>
            </accessor>
          </technique_common>
        </source>
        <sampler id="mixamorigFBXASC058Spine1-Matrix-animation-transform">
          <input semantic="INPUT" source="#mixamorigFBXASC058Spine1-Matrix-animation-input"/>
          <input semantic="OUTPUT" source="#mixamorigFBXASC058Spine1-Matrix-animation-output-transform"/>
          <input semantic="INTERPOLATION" source="#mixamorigFBXASC058Spine1-Interpolations"/>
        </sampler>
        <channel source="#mixamorigFBXASC058Spine1-Matrix-animation-transform" target="mixamorigFBXASC058Spine1/matrix"/>
      </animation>
    </animation>
    <animation id="mixamorigFBXASC058Spine2-anim" name="mixamorigFBXASC058Spine2">
      <animation>
        <source id="mixamorigFBXASC058Spine2-Matrix-animation-input">
          <float_array id="mixamorigFBXASC058Spine2-Matrix-animation-input-array" count="21">

0.000000 0.033333 0.066667 0.100000 0.133333 0.166667 0.200000 0.233333 0.266667 0.300000 0.333333 0.366667 0.400000 0.433333 0.466667 0.500000
0.533333 0.566667 0.600000 0.633333 0.666667</float_array>
          <technique_common>
            <accessor source="#mixamorigFBXASC058Spine2-Matrix-animation-input-array" count="21">
              <param name="TIME" type="float"/>
            </accessor>
          </technique_common>
        </source>
        <source id="mixamorigFBXASC058Spine2-Matrix-animation-output-transform">
          <float_array id="mixamorigFBXASC058Spine2-Matrix-animation-output-transform-array" count="336">

1.000000 -0.000005 0.000005 0.000006 0.000006 0.993339 -0.115231 13.458847 -0.000005 0.115231 0.993339 -0.000004 0.000000 0.000000 0.000000 1.000000
1.000000 -0.000005 0.000005 0.000006 0.000006 0.993339 -0.115231 13.458847 -0.000005 0.115231 0.993339 -0.000004 0.000000 0.000000 0.000000 1.000000
1.000000 -0.000005 0.000005 0.000006 0.000006 0.993339 -0.115231 13.458847 -0.000005 0.115231 0.993339 -0.000004 0.000000 0.000000 0.000000 1.000000
1.000000 -0.000031 0.000004 -0.000164 0.000032 0.999283 -0.037855 13.430809 -0.000002 0.037855 0.999283 -0.513446 0.000000 0.000000 0.000000 1.000000
1.000000 -0.000031 0.000004 -0.000164 0.000032 0.999283 -0.037855 13.430809 -0.000002 0.037855 0.999283 -0.513446 0.000000 0.000000 0.000000 1.000000
1.000000 -0.000031 0.000004 -0.000164 0.000032 0.999283 -0.037855 13.430809 -0.000002 0.037855 0.999283 -0.513446 0.000000 0.000000 0.000000 1.000000
1.000000 -0.000031 0.000004 -0.000164 0.000032 0.999283 -0.037855 13.430809 -0.000002 0.037855 0.999283 -0.513446 0.000000 0.000000 0.000000 1.000000
0.999992 0.002263 0.003244 0.011490 -0.002121 0.999074 -0.042973 13.434608 -0.003339 0.042966 0.999071 -0.479708 0.000000 0.000000 0.000000 1.000000
0.999969 0.004557 0.006473 0.023158 -0.004241 0.998833 -0.048102 13.438278 -0.006684 0.048073 0.998821 -0.445944 0.000000 0.000000 0.000000 1.000000
0.999930 0.006851 0.009689 0.034827 -0.006326 0.998562 -0.053243 13.441856 -0.010040 0.053178 0.998535 -0.412168 0.000000 0.000000 0.000000 1.000000
0.999875 0.009144 0.012894 0.046522 -0.008377 0.998258 -0.058394 13.445297 -0.013406 0.058279 0.998210 -0.378366 0.000000 0.000000 0.000000 1.000000
0.999805 0.011438 0.016087 0.058223 -0.010394 0.997924 -0.063557 13.448631 -0.016780 0.063378 0.997849 -0.344540 0.000000 0.000000 0.000000 1.000000
0.999720 0.013733 0.019267 0.069944 -0.012379 0.997558 -0.068734 13.451828 -0.020164 0.068476 0.997449 -0.310682 0.000000 0.000000 0.000000 1.000000
0.999620 0.016028 0.022436 0.081671 -0.014329 0.997161 -0.073923 13.454933 -0.023557 0.073573 0.997012 -0.276783 0.000000 0.000000 0.000000 1.000000
0.999504 0.018325 0.025593 0.093430 -0.016249 0.996732 -0.079127 13.457893 -0.026959 0.078672 0.996536 -0.242838 0.000000 0.000000 0.000000 1.000000
0.999374 0.020624 0.028737 0.105218 -0.018135 0.996272 -0.084345 13.460762 -0.030369 0.083771 0.996022 -0.208843 0.000000 0.000000 0.000000 1.000000
0.999229 0.022925 0.031870 0.117023 -0.019988 0.995779 -0.089578 13.463478 -0.033789 0.088872 0.995470 -0.174797 0.000000 0.000000 0.000000 1.000000
0.999863 0.009754 0.013360 0.050025 -0.008521 0.995958 -0.089410 13.462944 -0.014178 0.089284 0.995905 -0.172577 0.000000 0.000000 0.000000 1.000000
0.999981 -0.003361 -0.005157 -0.016596 0.002886 0.995969 -0.089656 13.462868 0.005438 0.089639 0.995959 -0.170313 0.000000 0.000000 0.000000 1.000000
0.999584 -0.016476 -0.023667 -0.083225 0.014275 0.995811 -0.090312 13.463249 0.025056 0.089936 0.995632 -0.168009 0.000000 0.000000 0.000000 1.000000
0.998671 -0.029643 -0.042150 -0.150227 0.025691 0.995484 -0.091382 13.464020 0.044669 0.090178 0.994923 -0.165640 0.000000 0.000000 0.000000 1.000000</float_array>
          <technique_common>
            <accessor source="#mixamorigFBXASC058Spine2-Matrix-animation-output-transform-array" count="21" stride="16">
              <param type="float4x4"/>
            </accessor>
          </technique_common>
        </source>
        <source id="mixamorigFBXASC058Spine2-Interpolations">
          <Name_array id="mixamorigFBXASC058Spine2-Interpolations-array" count="21">
 LINEAR LINEAR LINEAR LINEAR LINEAR LINEAR LINEAR LINEAR LINEAR LINEAR LINEAR
LINEAR LINEAR LINEAR LINEAR LINEAR LINEAR LINEAR LINEAR LINEAR LINEAR</Name_array>
          <technique_common>
            <accessor source="#mixamorigFBXASC058Spine2-Interpolations-array" count="21">
              <param type="name"/>
            </accessor>
          </technique_common>
        </source>
        <sampler id="mixamorigFBXASC058Spine2-Matrix-animation-transform">
          <input semantic="INPUT" source="#mixamorigFBXASC058Spine2-Matrix-animation-input"/>
          <input semantic="OUTPUT" source="#mixamorigFBXASC058Spine2-Matrix-animation-output-transform"/>
          <input semantic="INTERPOLATION" source="#mixamorigFBXASC058Spine2-Interpolations"/>
        </sampler>
        <channel source="#mixamorigFBXASC058Spine2-Matrix-animation-transform" target="mixamorigFBXASC058Spine2/matrix"/>
      </animation>
    </animation>
    <animation id="mixamorigFBXASC058Neck-anim" name="mixamorigFBXASC058Neck">
      <animation>
        <source id="mixamorigFBXASC058Neck-Matrix-animation-input">
          <float_array id="mixamorigFBXASC058Neck-Matrix-animation-input-array" count="21">

0.000000 0.033333 0.066667 0.100000 0.133333 0.166667 0.200000 0.233333 0.266667 0.300000 0.333333 0.366667 0.400000 0.433333 0.466667 0.500000
0.533333 0.566667 0.600000 0.633333 0.666667</float_array>
          <technique_common>
            <accessor source="#mixamorigFBXASC058Neck-Matrix-animation-input-array" count="21">
              <param name="TIME" type="float"/>
            </accessor>
          </technique_common>
        </source>
        <source id="mixamorigFBXASC058Neck-Matrix-animation-output-transform">
          <float_array id="mixamorigFBXASC058Neck-Matrix-animation-output-transform-array" count="336">

1.000000 -0.000004 0.000003 0.000024 0.000004 0.999984 -0.005654 15.027756 -0.000003 0.005654 0.999984 0.877903 0.000000 0.000000 0.000000 1.000000
1.000000 -0.000004 0.000003 0.000024 0.000004 0.999984 -0.005654 15.027756 -0.000003 0.005654 0.999984 0.877903 0.000000 0.000000 0.000000 1.000000
1.000000 -0.000004 0.000003 0.000024 0.000004 0.999984 -0.005654 15.027756 -0.000003 0.005654 0.999984 0.877903 0.000000 0.000000 0.000000 1.000000
1.000000 0.000006 0.000001 -0.000042 -0.000006 0.999765 -0.021665 15.007599 -0.000001 0.021665 0.999765 0.696117 0.000000 0.000000 0.000000 1.000000
1.000000 0.000006 0.000001 -0.000042 -0.000006 0.999765 -0.021665 15.007599 -0.000001 0.021665 0.999765 0.696117 0.000000 0.000000 0.000000 1.000000
1.000000 0.000006 0.000001 -0.000042 -0.000006 0.999765 -0.021665 15.007599 -0.000001 0.021665 0.999765 0.696117 0.000000 0.000000 0.000000 1.000000
1.000000 0.000006 0.000001 -0.000042 -0.000006 0.999765 -0.021665 15.007599 -0.000001 0.021665 0.999765 0.696117 0.000000 0.000000 0.000000 1.000000
0.997141 -0.013688 -0.074316 0.004655 0.014611 0.999823 0.011882 15.007706 0.074140 -0.012933 0.997164 0.707174 0.000000 0.000000 0.000000 1.000000
0.988429 -0.027112 -0.149241 0.009300 0.033682 0.998563 0.041673 15.007843 0.147897 -0.046218 0.987922 0.718257 0.000000 0.000000 0.000000 1.000000
0.973709 -0.040353 -0.224192 0.013887 0.056754 0.996124 0.067198 15.008102 0.220612 -0.078155 0.972225 0.729349 0.000000 0.000000 0.000000 1.000000
0.952888 -0.053509 -0.298566 0.018427 0.083314 0.992630 0.088004 15.008377 0.291657 -0.108733 0.950323 0.740462 0.000000 0.000000 0.000000 1.000000
0.925937 -0.066678 -0.371746 0.022923 0.112795 0.988192 0.103701 15.008728 0.360442 -0.137951 0.922524 0.751593 0.000000 0.000000 0.000000 1.000000
0.892895 -0.079968 -0.443107 0.027355 0.144587 0.982907 0.113969 15.009140 0.426419 -0.165830 0.889195 0.762747 0.000000 0.000000 0.000000 1.000000
0.853871 -0.093481 -0.512022 0.031740 0.178043 0.976854 0.118565 15.009636 0.489087 -0.192401 0.850750 0.773939 0.000000 0.000000 0.000000 1.000000
0.809039 -0.107324 -0.577873 0.036081 0.212490 0.970094 0.117324 15.010178 0.547999 -0.217712 0.807650 0.785152 0.000000 0.000000 0.000000 1.000000
0.758646 -0.121597 -0.640055 0.040371 0.247238 0.962672 0.110160 15.010742 0.602769 -0.241818 0.760391 0.796394 0.000000 0.000000 0.000000 1.000000
0.702999 -0.136397 -0.697988 0.044621 0.281591 0.954612 0.097068 15.011436 0.653069 -0.264786 0.709500 0.807674 0.000000 0.000000 0.000000 1.000000
0.825794 -0.078619 -0.558465 0.019004 0.227215 0.952694 0.201862 15.011650 0.516175 -0.293588 0.804593 0.807709 0.000000 0.000000 0.000000 1.000000
0.919518 -0.026513 -0.392153 -0.006416 0.146691 0.948781 0.279815 15.011787 0.364649 -0.314820 0.876310 0.808384 0.000000 0.000000 0.000000 1.000000
0.978048 0.021403 -0.207278 -0.031811 0.048216 0.944472 0.325034 15.011909 0.202726 -0.327893 0.922707 0.809666 0.000000 0.000000 0.000000 1.000000
0.997665 0.066980 -0.013328 -0.057347 -0.058697 0.940749 0.333986 15.012001 0.034909 -0.332424 0.942484 0.811588 0.000000 0.000000 0.000000 1.000000</float_array>
          <technique_common>
            <accessor source="#mixamorigFBXASC058Neck-Matrix-animation-output-transform-array" count="21" stride="16">
              <param type="float4x4"/>
            </accessor>
          </technique_common>
        </source>
        <source id="mixamorigFBXASC058Neck-Interpolations">
          <Name_array id="mixamorigFBXASC058Neck-Interpolations-array" count="21">
 LINEAR LINEAR LINEAR LINEAR LINEAR LINEAR LINEAR LINEAR LINEAR LINEAR LINEAR
LINEAR LINEAR LINEAR LINEAR LINEAR LINEAR LINEAR LINEAR LINEAR LINEAR</Name_array>
          <technique_common>
            <accessor source="#mixamorigFBXASC058Neck-Interpolations-array" count="21">
              <param type="name"/>
            </accessor>
          </technique_common>
        </source>
        <sampler id="mixamorigFBXASC058Neck-Matrix-animation-transform">
          <input semantic="INPUT" source="#mixamorigFBXASC058Neck-Matrix-animation-input"/>
          <input semantic="OUTPUT" source="#mixamorigFBXASC058Neck-Matrix-animation-output-transform"/>
          <input semantic="INTERPOLATION" source="#mixamorigFBXASC058Neck-Interpolations"/>
        </sampler>
        <channel source="#mixamorigFBXASC058Neck-Matrix-animation-transform" target="mixamorigFBXASC058Neck/matrix"/>
      </animation>
    </animation>
    <animation id="mixamorigFBXASC058Head-anim" name="mixamorigFBXASC058Head">
      <animation>
        <source id="mixamorigFBXASC058Head-Matrix-animation-input">
          <float_array id="mixamorigFBXASC058Head-Matrix-animation-input-array" count="21">

0.000000 0.033333 0.066667 0.100000 0.133333 0.166667 0.200000 0.233333 0.266667 0.300000 0.333333 0.366667 0.400000 0.433333 0.466667 0.500000
0.533333 0.566667 0.600000 0.633333 0.666667</float_array>
          <technique_common>
            <accessor source="#mixamorigFBXASC058Head-Matrix-animation-input-array" count="21">
              <param name="TIME" type="float"/>
            </accessor>
          </technique_common>
        </source>
        <source id="mixamorigFBXASC058Head-Matrix-animation-output-transform">
          <float_array id="mixamorigFBXASC058Head-Matrix-animation-output-transform-array" count="336">

1.000000 0.000003 -0.000004 0.000006 -0.000003 1.000000 -0.000001 10.321838 0.000004 0.000001 1.000000 3.142424 0.000000 0.000000 0.000000 1.000000
1.000000 0.000003 -0.000004 0.000006 -0.000003 1.000000 -0.000001 10.321838 0.000004 0.000001 1.000000 3.142424 0.000000 0.000000 0.000000 1.000000
1.000000 0.000003 -0.000004 0.000006 -0.000003 1.000000 -0.000001 10.321838 0.000004 0.000001 1.000000 3.142424 0.000000 0.000000 0.000000 1.000000
1.000000 -0.000007 -0.000000 0.000000 0.000007 0.999278 0.037982 10.322418 -0.000000 -0.037982 0.999278 3.142596 0.000000 0.000000 0.000000 1.000000
1.000000 -0.000007 -0.000000 0.000000 0.000007 0.999278 0.037982 10.322418 -0.000000 -0.037982 0.999278 3.142596 0.000000 0.000000 0.000000 1.000000
1.000000 -0.000007 -0.000000 0.000000 0.000007 0.999278 0.037982 10.322418 -0.000000 -0.037982 0.999278 3.142596 0.000000 0.000000 0.000000 1.000000
1.000000 -0.000007 -0.000000 0.000000 0.000007 0.999278 0.037982 10.322418 -0.000000 -0.037982 0.999278 3.142596 0.000000 0.000000 0.000000 1.000000
0.992138 0.036244 -0.119785 -0.000001 -0.025856 0.995858 0.087169 10.322388 0.122448 -0.083387 0.988966 3.142578 0.000000 0.000000 0.000000 1.000000
0.968601 0.071943 -0.237985 0.000003 -0.039836 0.989760 0.137071 10.322327 0.245409 -0.123287 0.961548 3.142566 0.000000 0.000000 0.000000 1.000000
0.929652 0.106433 -0.352731 0.000000 -0.042020 0.981749 0.185484 10.322266 0.366035 -0.157613 0.917157 3.142545 0.000000 0.000000 0.000000 1.000000
0.875808 0.139071 -0.462190 0.000006 -0.032919 0.972571 0.230265 10.322205 0.481536 -0.186453 0.856364 3.142534 0.000000 0.000000 0.000000 1.000000
0.807834 0.169238 -0.564590 0.000004 -0.013445 0.962933 0.269406 10.322128 0.589256 -0.210045 0.780166 3.142510 0.000000 0.000000 0.000000 1.000000
0.726739 0.196345 -0.658255 0.000006 0.015119 0.953474 0.301095 10.322052 0.686748 -0.228769 0.689958 3.142498 0.000000 0.000000 0.000000 1.000000
0.633753 0.219853 -0.741635 0.000005 0.051156 0.944749 0.323779 10.322021 0.771842 -0.243135 0.587490 3.142477 0.000000 0.000000 0.000000 1.000000
0.530322 0.239273 -0.813330 -0.000000 0.092778 0.937206 0.336211 10.321938 0.842704 -0.253760 0.474822 3.142463 0.000000 0.000000 0.000000 1.000000
0.418079 0.254184 -0.872124 0.000003 0.137885 0.931174 0.337494 10.321899 0.897885 -0.261352 0.354256 3.142446 0.000000 0.000000 0.000000 1.000000
0.298821 0.264234 -0.916999 0.000005 0.184230 0.926854 0.327109 10.321854 0.936357 -0.266686 0.228284 3.142428 0.000000 0.000000 0.000000 1.000000
0.564715 0.245561 -0.787906 -0.000004 0.167289 0.900827 0.400655 10.321838 0.808153 -0.358064 0.467631 3.142417 0.000000 0.000000 0.000000 1.000000
0.781498 0.202271 -0.590210 0.000003 0.121744 0.878365 0.462226 10.321838 0.611915 -0.433083 0.661815 3.142424 0.000000 0.000000 0.000000 1.000000
0.929661 0.140353 -0.340634 0.000003 0.053996 0.862699 0.502827 10.321838 0.364438 -0.485851 0.794439 3.142417 0.000000 0.000000 0.000000 1.000000
0.995874 0.067502 -0.060655 0.000004 -0.026594 0.856110 0.516109 10.321838 0.086766 -0.512366 0.854372 3.142416 0.000000 0.000000 0.000000 1.000000</float_array>
          <technique_common>
            <accessor source="#mixamorigFBXASC058Head-Matrix-animation-output-transform-array" count="21" stride="16">
              <param type="float4x4"/>
            </accessor>
          </technique_common>
        </source>
        <source id="mixamorigFBXASC058Head-Interpolations">
          <Name_array id="mixamorigFBXASC058Head-Interpolations-array" count="21">
 LINEAR LINEAR LINEAR LINEAR LINEAR LINEAR LINEAR LINEAR LINEAR LINEAR LINEAR
LINEAR LINEAR LINEAR LINEAR LINEAR LINEAR LINEAR LINEAR LINEAR LINEAR</Name_array>
          <technique_common>
            <accessor source="#mixamorigFBXASC058Head-Interpolations-array" count="21">
              <param type="name"/>
            </accessor>
          </technique_common>
        </source>
        <sampler id="mixamorigFBXASC058Head-Matrix-animation-transform">
          <input semantic="INPUT" source="#mixamorigFBXASC058Head-Matrix-animation-input"/>
          <input semantic="OUTPUT" source="#mixamorigFBXASC058Head-Matrix-animation-output-transform"/>
          <input semantic="INTERPOLATION" source="#mixamorigFBXASC058Head-Interpolations"/>
        </sampler>
        <channel source="#mixamorigFBXASC058Head-Matrix-animation-transform" target="mixamorigFBXASC058Head/matrix"/>
      </animation>
    </animation>
    <animation id="mixamorigFBXASC058HeadTop_End-anim" name="mixamorigFBXASC058HeadTop_End">
      <animation>
        <source id="mixamorigFBXASC058HeadTop_End-Matrix-animation-input">
          <float_array id="mixamorigFBXASC058HeadTop_End-Matrix-animation-input-array" count="21">

0.000000 0.033333 0.066667 0.100000 0.133333 0.166667 0.200000 0.233333 0.266667 0.300000 0.333333 0.366667 0.400000 0.433333 0.466667 0.500000
0.533333 0.566667 0.600000 0.633333 0.666667</float_array>
          <technique_common>
            <accessor source="#mixamorigFBXASC058HeadTop_End-Matrix-animation-input-array" count="21">
              <param name="TIME" type="float"/>
            </accessor>
          </technique_common>
        </source>
        <source id="mixamorigFBXASC058HeadTop_End-Matrix-animation-output-transform">
          <float_array id="mixamorigFBXASC058HeadTop_End-Matrix-animation-output-transform-array" count="336">

1.000000 0.000000 0.000000 0.000154 -0.000000 1.000000 -0.000000 18.474670 -0.000000 -0.000000 1.000000 6.636399 0.000000 0.000000 0.000000 1.000000
1.000000 0.000000 0.000000 0.000154 -0.000000 1.000000 -0.000000 18.474670 -0.000000 -0.000000 1.000000 6.636399 0.000000 0.000000 0.000000 1.000000
1.000000 0.000000 0.000000 0.000154 -0.000000 1.000000 -0.000000 18.474670 -0.000000 -0.000000 1.000000 6.636399 0.000000 0.000000 0.000000 1.000000
1.000000 -0.000000 -0.000000 0.000154 0.000000 1.000000 -0.000000 18.474670 0.000000 0.000000 1.000000 6.636399 0.000000 0.000000 0.000000 1.000000
1.000000 -0.000000 -0.000000 0.000154 0.000000 1.000000 -0.000000 18.474670 0.000000 0.000000 1.000000 6.636399 0.000000 0.000000 0.000000 1.000000
1.000000 -0.000000 -0.000000 0.000154 0.000000 1.000000 -0.000000 18.474670 0.000000 0.000000 1.000000 6.636399 0.000000 0.000000 0.000000 1.000000
1.000000 -0.000000 -0.000000 0.000154 0.000000 1.000000 -0.000000 18.474670 0.000000 0.000000 1.000000 6.636399 0.000000 0.000000 0.000000 1.000000
1.000000 0.000000 0.000000 0.000154 0.000000 1.000000 0.000000 18.474670 0.000000 0.000000 1.000000 6.636399 0.000000 0.000000 0.000000 1.000000
1.000000 0.000000 0.000000 0.000154 -0.000000 1.000000 -0.000000 18.474670 0.000000 0.000000 1.000000 6.636399 0.000000 0.000000 0.000000 1.000000
1.000000 0.000000 0.000000 0.000154 -0.000000 1.000000 0.000000 18.474670 0.000000 0.000000 1.000000 6.636399 0.000000 0.000000 0.000000 1.000000
1.000000 0.000000 0.000000 0.000154 0.000000 1.000000 -0.000000 18.474670 0.000000 0.000000 1.000000 6.636399 0.000000 0.000000 0.000000 1.000000
1.000000 -0.000000 -0.000000 0.000154 0.000000 1.000000 -0.000000 18.474670 0.000000 0.000000 1.000000 6.636399 0.000000 0.000000 0.000000 1.000000
1.000000 -0.000000 0.000000 0.000154 -0.000000 1.000000 0.000000 18.474670 0.000000 -0.000000 1.000000 6.636399 0.000000 0.000000 0.000000 1.000000
1.000000 -0.000000 -0.000000 0.000154 -0.000000 1.000000 0.000000 18.474670 0.000000 0.000000 1.000000 6.636399 0.000000 0.000000 0.000000 1.000000
1.000000 -0.000000 0.000000 0.000154 0.000000 1.000000 -0.000000 18.474670 0.000000 0.000000 1.000000 6.636399 0.000000 0.000000 0.000000 1.000000
1.000000 -0.000000 0.000000 0.000154 -0.000000 1.000000 0.000000 18.474670 0.000000 -0.000000 1.000000 6.636399 0.000000 0.000000 0.000000 1.000000
1.000000 0.000000 -0.000000 0.000154 0.000000 1.000000 -0.000000 18.474670 0.000000 0.000000 1.000000 6.636399 0.000000 0.000000 0.000000 1.000000
1.000000 0.000000 0.000000 0.000154 -0.000000 1.000000 0.000000 18.474670 -0.000000 -0.000000 1.000000 6.636399 0.000000 0.000000 0.000000 1.000000
1.000000 -0.000000 0.000000 0.000154 -0.000000 1.000000 0.000000 18.474670 -0.000000 0.000000 1.000000 6.636399 0.000000 0.000000 0.000000 1.000000
1.000000 0.000000 0.000000 0.000154 0.000000 1.000000 0.000000 18.474670 0.000000 0.000000 1.000000 6.636399 0.000000 0.000000 0.000000 1.000000
1.000000 0.000000 0.000000 0.000154 0.000000 1.000000 0.000000 18.474670 0.000000 0.000000 1.000000 6.636399 0.000000 0.000000 0.000000 1.000000</float_array>
          <technique_common>
            <accessor source="#mixamorigFBXASC058HeadTop_End-Matrix-animation-output-transform-array" count="21" stride="16">
              <param type="float4x4"/>
            </accessor>
          </technique_common>
        </source>
        <source id="mixamorigFBXASC058HeadTop_End-Interpolations">
          <Name_array id="mixamorigFBXASC058HeadTop_End-Interpolations-array" count="21">
 LINEAR LINEAR LINEAR LINEAR LINEAR LINEAR LINEAR LINEAR LINEAR LINEAR LINEAR
LINEAR LINEAR LINEAR LINEAR LINEAR LINEAR LINEAR LINEAR LINEAR LINEAR</Name_array>
          <technique_common>
            <accessor source="#mixamorigFBXASC058HeadTop_End-Interpolations-array" count="21">
              <param type="name"/>
            </accessor>
          </technique_common>
        </source>
        <sampler id="mixamorigFBXASC058HeadTop_End-Matrix-animation-transform">
          <input semantic="INPUT" source="#mixamorigFBXASC058HeadTop_End-Matrix-animation-input"/>
          <input semantic="OUTPUT" source="#mixamorigFBXASC058HeadTop_End-Matrix-animation-output-transform"/>
          <input semantic="INTERPOLATION" source="#mixamorigFBXASC058HeadTop_End-Interpolations"/>
        </sampler>
        <channel source="#mixamorigFBXASC058HeadTop_End-Matrix-animation-transform" target="mixamorigFBXASC058HeadTop_End/matrix"/>
      </animation>
    </animation>
    <animation id="mixamorigFBXASC058LeftShoulder-anim" name="mixamorigFBXASC058LeftShoulder">
      <animation>
        <source id="mixamorigFBXASC058LeftShoulder-Matrix-animation-input">
          <float_array id="mixamorigFBXASC058LeftShoulder-Matrix-animation-input-array" count="21">

0.000000 0.033333 0.066667 0.100000 0.133333 0.166667 0.200000 0.233333 0.266667 0.300000 0.333333 0.366667 0.400000 0.433333 0.466667 0.500000
0.533333 0.566667 0.600000 0.633333 0.666667</float_array>
          <technique_common>
            <accessor source="#mixamorigFBXASC058LeftShoulder-Matrix-animation-input-array" count="21">
              <param name="TIME" type="float"/>
            </accessor>
          </technique_common>
        </source>
        <source id="mixamorigFBXASC058LeftShoulder-Matrix-animation-output-transform">
          <float_array id="mixamorigFBXASC058LeftShoulder-Matrix-animation-output-transform-array" count="336">

-0.201230 0.979316 -0.021135 6.105823 0.009793 -0.019564 -0.999761 9.106277 -0.979495 -0.201389 -0.005654 0.757061 0.000000 0.000000 0.000000 1.000000
-0.201230 0.979316 -0.021135 6.105823 0.009793 -0.019564 -0.999761 9.106277 -0.979495 -0.201389 -0.005654 0.757061 0.000000 0.000000 0.000000 1.000000
-0.201230 0.979316 -0.021135 6.105823 0.009793 -0.019564 -0.999761 9.106277 -0.979495 -0.201389 -0.005654 0.757061 0.000000 0.000000 0.000000 1.000000
-0.240022 0.963338 -0.119875 6.105742 0.161167 -0.082227 -0.983496 9.087158 -0.957296 -0.255380 -0.135522 0.531906 0.000000 0.000000 0.000000 1.000000
-0.240022 0.963338 -0.119875 6.105742 0.161167 -0.082227 -0.983496 9.087158 -0.957296 -0.255380 -0.135522 0.531906 0.000000 0.000000 0.000000 1.000000
-0.240022 0.963338 -0.119875 6.105742 0.161167 -0.082227 -0.983496 9.087158 -0.957296 -0.255380 -0.135522 0.531906 0.000000 0.000000 0.000000 1.000000
